GC3	ENc
0	31
0.01	31.595798816568
0.02	32.2031806827644
0.03	32.8221002335952
0.04	33.4524783362218
0.05	34.0941988950276
0.06	34.7471055004509
0.07	35.4109979305588
0.08	36.0856285178236
0.09	36.7706983975126
0.1	37.4658536585366
0.11	38.1706814225317
0.12	38.8847058823529
0.13	39.607384337038
0.14	40.3381032665964
0.15	41.0761744966443
0.16	41.8208315098468
0.17	42.5712259682363
0.18	43.3264245175937
0.19	44.085405952037
0.2	44.8470588235294
0.21	45.61017958695
0.22	46.3734713763703
0.23	47.1355435119232
0.24	47.8949118387909
0.25	48.65
0.26	49.3991417425228
0.27	50.1405843512711
0.28	50.8724932975871
0.29	51.5929581774906
0.3	52.3
0.31	52.9915798671793
0.32	53.6656090651558
0.33	54.3199605593403
0.34	54.9524818577649
0.35	55.5610091743119
0.36	56.1433827893175
0.37	56.6974634694642
0.38	57.2211497730711
0.39	57.7123960320488
0.4	58.1692307692308
0.41	58.5897752808989
0.42	58.9722620904836
0.43	59.3150529619459
0.44	59.6166561514196
0.45	59.8757425742574
0.46	60.091160572337
0.47	60.2619489836588
0.48	60.3873482428115
0.49	60.4668092762895
0.5	60.5
0.51	60.4868092762895
0.52	60.4273482428115
0.53	60.3219489836588
0.54	60.171160572337
0.55	59.9757425742574
0.56	59.7366561514196
0.57	59.4550529619459
0.58	59.1322620904836
0.59	58.7697752808989
0.6	58.3692307692308
0.61	57.9323960320488
0.62	57.4611497730711
0.63	56.9574634694642
0.64	56.4233827893175
0.65	55.8610091743119
0.66	55.2724818577649
0.67	54.6599605593402
0.68	54.0256090651558
0.69	53.3715798671793
0.7	52.7
0.71	52.0129581774906
0.72	51.3124932975871
0.73	50.600584351271
0.74	49.8791417425227
0.75	49.15
0.76	48.4149118387909
0.77	47.6755435119232
0.78	46.9334713763703
0.79	46.19017958695
0.8	45.4470588235294
0.810000000000001	44.7054059520369
0.820000000000001	43.9664245175936
0.830000000000001	43.2312259682362
0.840000000000001	42.5008315098468
0.850000000000001	41.7761744966443
0.860000000000001	41.0581032665964
0.870000000000001	40.347384337038
0.880000000000001	39.6447058823529
0.890000000000001	38.9506814225317
0.900000000000001	38.2658536585365
0.910000000000001	37.5906983975125
0.920000000000001	36.9256285178236
0.930000000000001	36.2709979305587
0.940000000000001	35.6271055004508
0.950000000000001	34.9941988950276
0.960000000000001	34.3724783362218
0.970000000000001	33.7621002335952
0.980000000000001	33.1631806827643
0.990000000000001	32.575798816568
1	32
